1	6
1	27
1	36
1	59
1	102
1	109
1	160
1	171
1	173
1	194
1	208
2	37
2	49
2	60
2	119
2	141
2	163
2	164
2	181
2	216
2	218
2	219
2	221
2	242
3	16
3	27
3	36
3	44
3	50
3	169
3	171
3	173
3	204
3	226
3	231
4	16
4	27
4	36
4	44
4	50
4	101
4	169
4	173
4	204
4	226
4	231
5	28
5	56
5	62
5	88
5	95
5	153
5	154
5	164
5	180
5	193
5	196
5	198
6	6
6	27
6	36
6	59
6	69
6	82
6	102
6	109
6	160
6	171
6	173
6	194
6	233
7	8
7	42
7	83
7	98
7	100
7	105
7	111
7	131
7	134
7	146
7	150
7	197
8	28
8	56
8	62
8	85
8	88
8	95
8	153
8	154
8	164
8	180
8	193
8	196
8	198
9	27
9	36
9	44
9	50
9	169
9	171
9	173
9	193
9	204
9	226
9	231
10	35
10	42
10	52
10	57
10	79
10	83
10	101
10	113
10	115
10	122
10	146
10	188
10	197
10	258
11	28
11	41
11	56
11	62
11	88
11	95
11	153
11	154
11	164
11	180
11	193
11	198
12	25
12	28
12	43
12	56
12	62
12	85
12	87
12	88
12	95
12	139
12	153
12	154
12	164
12	180
12	193
12	196
12	198
13	28
13	56
13	62
13	85
13	88
13	95
13	153
13	154
13	164
13	180
13	193
13	196
13	198
14	17
14	34
14	96
14	110
14	118
14	123
14	131
14	135
14	144
14	182
14	189
15	2
15	18
15	75
15	81
15	104
15	113
15	114
15	128
15	145
15	175
15	177
15	202
15	205
16	17
16	34
16	96
16	110
16	118
16	123
16	131
16	134
16	135
16	136
16	144
16	172
16	182
16	184
16	189
16	235
17	4
17	7
17	16
17	108
17	112
17	178
17	223
17	248
17	264
17	265
17	266
17	267
18	1
18	52
18	57
18	73
18	91
18	93
18	101
18	115
18	126
18	182
18	183
18	199
19	1
19	16
19	52
19	57
19	73
19	93
19	101
19	115
19	126
19	171
19	183
20	2
20	18
20	46
20	52
20	75
20	81
20	113
20	114
20	177
20	202
20	205
20	208
21	28
21	56
21	62
21	88
21	95
21	153
21	154
21	164
21	180
21	193
21	198
22	6
22	12
22	36
22	59
22	61
22	69
22	82
22	84
22	101
22	109
22	125
22	136
22	160
22	171
22	173
22	194
22	200
22	212
22	254
22	256
23	25
23	28
23	56
23	62
23	85
23	88
23	95
23	137
23	153
23	154
23	164
23	167
23	193
23	196
23	198
24	4
24	7
24	108
24	112
24	122
24	178
24	223
24	248
24	264
24	265
24	266
24	267
25	6
25	13
25	17
25	26
25	27
25	36
25	57
25	59
25	61
25	69
25	82
25	102
25	109
25	124
25	134
25	160
25	171
25	173
25	194
25	257
26	28
26	56
26	62
26	63
26	85
26	88
26	95
26	153
26	154
26	164
26	166
26	193
26	196
26	198
27	21
27	28
27	37
27	56
27	62
27	80
27	95
27	107
27	148
27	153
27	154
27	162
27	164
27	193
27	196
27	198
28	29
28	50
28	152
28	184
28	201
28	211
28	243
28	244
28	245
28	246
28	247
29	6
29	27
29	36
29	59
29	69
29	82
29	102
29	109
29	160
29	171
29	173
29	194
30	37
30	39
30	49
30	60
30	119
30	141
30	163
30	164
30	181
30	200
30	216
30	217
30	218
30	219
30	221
30	241
30	242
31	6
31	27
31	36
31	47
31	59
31	102
31	109
31	160
31	171
31	173
31	194
31	233
32	12
32	29
32	36
32	50
32	69
32	77
32	82
32	152
32	201
32	211
32	243
32	244
32	245
32	246
32	247
32	257
33	6
33	36
33	46
33	59
33	101
33	102
33	109
33	111
33	160
33	171
33	173
33	194
33	208
33	212
33	254
33	256
33	263
34	13
34	26
34	52
34	57
34	73
34	77
34	78
34	91
34	115
34	176
34	185
34	207
34	262
35	1
35	52
35	57
35	65
35	91
35	93
35	101
35	126
35	172
35	183
35	190
35	197
35	212
35	253
35	254
35	255
35	256
36	2
36	18
36	32
36	52
36	75
36	81
36	113
36	114
36	128
36	175
36	177
36	202
36	205
37	6
37	27
37	36
37	59
37	69
37	82
37	102
37	109
37	160
37	171
37	173
37	194
38	8
38	37
38	98
38	101
38	141
38	150
38	156
38	203
38	213
38	220
38	221
39	1
39	52
39	57
39	73
39	91
39	93
39	101
39	115
39	126
39	182
39	183
40	1
40	52
40	57
40	73
40	91
40	93
40	101
40	115
40	126
40	182
40	183
41	4
41	7
41	16
41	18
41	107
41	108
41	112
41	178
41	196
41	197
41	207
41	248
41	249
42	5
42	9
42	23
42	94
42	104
42	114
42	157
42	170
42	179
42	202
42	210
43	37
43	49
43	60
43	119
43	141
43	163
43	181
43	216
43	219
43	221
43	242
44	8
44	70
44	98
44	105
44	150
44	156
44	181
44	203
44	204
44	229
44	252
45	6
45	46
45	59
45	69
45	82
45	109
45	111
45	160
45	173
45	194
46	1
46	26
46	52
46	57
46	73
46	91
46	93
46	101
46	115
46	126
46	182
46	183
47	2
47	42
47	52
47	73
47	113
47	121
47	134
47	188
47	197
47	199
47	202
47	217
47	241
48	26
48	35
48	48
48	53
48	83
48	122
48	158
48	226
48	235
48	236
48	237
48	238
48	239
48	240
49	37
49	60
49	101
49	141
49	161
49	164
49	168
49	203
49	219
49	221
49	230
49	232
49	242
50	40
50	62
50	72
50	85
50	103
50	104
50	114
50	132
50	138
50	153
50	193
50	242
51	14
51	15
51	28
51	43
51	45
51	56
51	62
51	72
51	85
51	88
51	95
51	132
51	138
51	139
51	142
51	153
51	154
51	164
51	174
51	180
51	193
51	196
51	198
51	214
52	28
52	41
52	56
52	62
52	88
52	95
52	153
52	154
52	164
52	180
52	193
52	198
53	28
53	56
53	62
53	88
53	95
53	153
53	154
53	164
53	180
53	193
53	198
54	17
54	96
54	110
54	118
54	131
54	134
54	135
54	144
54	182
54	189
54	235
55	28
55	56
55	62
55	88
55	95
55	139
55	153
55	154
55	164
55	193
55	196
55	198
55	214
56	6
56	27
56	36
56	47
56	59
56	60
56	102
56	109
56	159
56	160
56	171
56	173
56	194
56	213
56	229
56	233
56	234
57	14
57	15
57	28
57	56
57	62
57	85
57	88
57	95
57	139
57	153
57	154
57	164
57	193
57	196
57	198
57	214
58	6
58	27
58	36
58	59
58	69
58	82
58	102
58	109
58	160
58	171
58	173
58	194
59	8
59	16
59	27
59	44
59	50
59	98
59	150
59	156
59	169
59	204
59	226
59	231
60	18
60	28
60	56
60	62
60	75
60	85
60	87
60	88
60	95
60	153
60	154
60	164
60	193
60	196
60	198
61	28
61	56
61	62
61	88
61	95
61	153
61	154
61	164
61	174
61	193
61	196
61	198
62	12
62	36
62	50
62	52
62	69
62	77
62	82
62	101
62	112
62	152
62	211
62	257
62	279
63	2
63	18
63	19
63	52
63	75
63	81
63	113
63	114
63	128
63	145
63	170
63	175
63	177
63	202
63	205
64	2
64	5
64	9
64	23
64	94
64	104
64	114
64	157
64	170
64	179
64	202
65	14
65	40
65	43
65	61
65	72
65	85
65	103
65	132
65	138
65	153
65	193
66	1
66	30
66	52
66	57
66	73
66	90
66	91
66	92
66	93
66	101
66	106
66	115
66	121
66	126
66	149
66	175
66	176
66	182
66	183
66	209
66	258
66	259
67	5
67	23
67	32
67	104
67	113
67	148
67	175
67	179
67	187
67	193
67	202
68	1
68	52
68	57
68	73
68	91
68	93
68	101
68	115
68	126
68	182
68	183
69	1
69	52
69	57
69	73
69	90
69	91
69	93
69	101
69	115
69	126
69	182
69	183
70	6
70	27
70	36
70	59
70	82
70	102
70	109
70	160
70	171
70	173
70	194
70	233
70	234
71	1
71	52
71	57
71	73
71	90
71	91
71	93
71	101
71	115
71	124
71	126
71	182
71	183
72	28
72	40
72	43
72	62
72	72
72	85
72	103
72	132
72	138
72	153
72	193
72	242
73	2
73	18
73	52
73	75
73	81
73	104
73	113
73	114
73	145
73	177
73	202
73	205
74	36
74	59
74	109
74	131
74	136
74	160
74	171
74	194
74	200
74	208
74	260
74	261
75	6
75	12
75	27
75	36
75	59
75	69
75	82
75	101
75	102
75	109
75	115
75	140
75	160
75	171
75	173
75	194
75	257
75	269
76	4
76	7
76	18
76	107
76	108
76	112
76	124
76	178
76	196
76	197
76	205
76	207
76	248
76	249
77	1
77	52
77	57
77	73
77	91
77	93
77	101
77	115
77	126
77	182
77	183
78	52
78	57
78	101
78	115
78	211
78	212
78	215
78	253
78	254
78	255
78	256
78	270
79	2
79	18
79	39
79	46
79	52
79	75
79	81
79	102
79	111
79	113
79	146
79	177
79	202
79	205
79	208
79	263
80	6
80	27
80	36
80	59
80	82
80	102
80	109
80	160
80	171
80	173
80	194
80	233
80	234
81	6
81	27
81	36
81	47
81	59
81	102
81	109
81	160
81	171
81	173
81	177
81	194
81	206
81	213
81	229
81	233
81	234
82	6
82	7
82	27
82	36
82	59
82	102
82	109
82	112
82	160
82	171
82	173
82	194
82	233
82	234
83	1
83	52
83	57
83	73
83	91
83	93
83	101
83	108
83	115
83	126
83	182
83	183
84	2
84	5
84	23
84	32
84	59
84	104
84	113
84	175
84	177
84	179
84	202
84	205
85	2
85	39
85	42
85	52
85	73
85	113
85	121
85	134
85	186
85	188
85	197
85	199
85	202
85	217
85	241
86	3
86	51
86	74
86	89
86	99
86	117
86	155
86	191
86	192
86	195
87	28
87	56
87	60
87	62
87	64
87	68
87	85
87	88
87	95
87	103
87	153
87	154
87	164
87	168
87	193
87	196
87	198
88	14
88	25
88	28
88	40
88	43
88	62
88	72
88	85
88	103
88	132
88	138
88	153
88	154
88	193
89	17
89	34
89	52
89	96
89	110
89	118
89	123
89	131
89	135
89	144
89	172
89	182
89	184
89	189
90	17
90	34
90	96
90	110
90	118
90	123
90	131
90	135
90	136
90	144
90	172
90	182
90	184
90	189
91	33
91	52
91	57
91	73
91	83
91	101
91	155
91	212
91	253
91	254
91	255
91	256
92	29
92	36
92	50
92	125
92	152
92	201
92	243
92	244
92	245
92	247
92	257
93	1
93	52
93	57
93	73
93	91
93	93
93	101
93	115
93	126
93	182
93	183
94	8
94	70
94	98
94	105
94	150
94	156
94	173
94	181
94	197
94	203
94	204
94	222
94	229
94	252
95	6
95	27
95	36
95	59
95	69
95	82
95	102
95	109
95	136
95	160
95	171
95	173
95	194
95	200
96	6
96	27
96	36
96	59
96	69
96	82
96	102
96	109
96	160
96	171
96	173
96	194
96	257
97	28
97	31
97	56
97	62
97	88
97	95
97	153
97	154
97	164
97	193
97	196
97	198
98	6
98	27
98	36
98	59
98	102
98	109
98	160
98	171
98	173
98	194
98	213
98	229
98	233
98	234
99	4
99	7
99	18
99	107
99	108
99	112
99	124
99	178
99	197
99	205
99	207
99	248
99	249
100	4
100	5
100	19
100	23
100	32
100	56
100	59
100	104
100	113
100	145
100	148
100	170
100	175
100	179
100	193
100	194
100	202
101	6
101	27
101	36
101	46
101	59
101	102
101	109
101	111
101	160
101	171
101	173
101	194
101	208
101	263
102	6
102	27
102	36
102	59
102	102
102	109
102	160
102	171
102	173
102	194
102	208
103	28
103	43
103	45
103	56
103	62
103	88
103	95
103	139
103	153
103	154
103	164
103	180
103	193
103	196
103	198
103	214
104	8
104	12
104	16
104	18
104	27
104	44
104	50
104	98
104	150
104	169
104	204
104	226
104	231
105	17
105	34
105	96
105	110
105	118
105	131
105	135
105	144
105	172
105	182
105	184
105	189
106	2
106	12
106	18
106	39
106	46
106	52
106	75
106	111
106	113
106	177
106	202
106	205
106	208
107	13
107	29
107	50
107	152
107	184
107	201
107	211
107	243
107	244
107	245
107	246
107	247
107	273
108	8
108	70
108	98
108	105
108	150
108	156
108	173
108	181
108	197
108	203
108	204
108	222
108	229
108	252
109	3
109	33
109	51
109	74
109	89
109	99
109	117
109	155
109	191
109	192
109	195
110	28
110	43
110	45
110	56
110	62
110	85
110	88
110	95
110	138
110	153
110	154
110	164
110	180
110	193
110	196
110	198
111	1
111	26
111	52
111	57
111	66
111	73
111	78
111	90
111	91
111	92
111	93
111	101
111	106
111	115
111	126
111	131
111	176
111	182
111	183
111	185
111	189
112	34
112	35
112	52
112	57
112	73
112	83
112	96
112	110
112	113
112	131
112	135
112	146
112	236
113	6
113	27
113	36
113	47
113	59
113	102
113	109
113	160
113	171
113	173
113	194
113	213
113	233
113	234
114	13
114	17
114	26
114	110
114	118
114	131
114	134
114	135
114	165
114	182
114	184
114	189
114	199
114	201
114	235
114	246
115	14
115	15
115	25
115	28
115	38
115	43
115	45
115	54
115	56
115	62
115	85
115	87
115	88
115	95
115	97
115	103
115	104
115	107
115	132
115	133
115	138
115	139
115	148
115	153
115	154
115	164
115	174
115	180
115	193
115	196
115	198
115	214
116	28
116	56
116	62
116	85
116	88
116	95
116	153
116	154
116	164
116	193
116	196
116	198
117	28
117	56
117	62
117	85
117	88
117	95
117	103
117	138
117	153
117	154
117	164
117	193
117	198
118	2
118	18
118	37
118	75
118	81
118	104
118	113
118	114
118	119
118	145
118	177
118	202
118	205
119	5
119	9
119	19
119	23
119	32
119	59
119	104
119	113
119	114
119	148
119	170
119	175
119	179
119	202
120	20
120	60
120	64
120	86
120	123
120	136
120	150
120	168
120	203
120	229
120	230
120	232
120	243
120	261
121	6
121	27
121	36
121	59
121	69
121	82
121	102
121	109
121	160
121	171
121	173
121	194
122	2
122	18
122	52
122	75
122	81
122	104
122	113
122	114
122	177
122	202
122	205
123	1
123	52
123	57
123	73
123	90
123	91
123	92
123	93
123	101
123	106
123	115
123	126
123	176
123	182
123	183
123	258
124	16
124	17
124	34
124	96
124	110
124	118
124	123
124	131
124	135
124	144
124	146
124	172
124	182
124	184
124	189
124	199
124	235
124	250
124	251
125	6
125	27
125	36
125	59
125	69
125	82
125	102
125	109
125	160
125	171
125	173
125	194
126	6
126	27
126	36
126	59
126	82
126	102
126	109
126	160
126	171
126	173
126	194
126	233
126	234
127	17
127	34
127	39
127	96
127	110
127	118
127	123
127	131
127	135
127	136
127	144
127	182
127	189
128	5
128	9
128	23
128	32
128	59
128	104
128	113
128	170
128	175
128	179
128	193
128	202
128	205
129	28
129	38
129	56
129	62
129	88
129	95
129	153
129	154
129	164
129	193
129	196
129	198
130	20
130	56
130	60
130	81
130	127
130	193
130	194
130	200
130	202
130	206
130	260
130	261
130	277
131	12
131	36
131	41
131	44
131	57
131	69
131	82
131	147
131	153
131	171
131	278
132	6
132	27
132	36
132	59
132	82
132	102
132	109
132	160
132	171
132	173
132	194
132	233
132	234
133	1
133	52
133	57
133	73
133	90
133	91
133	92
133	93
133	101
133	106
133	115
133	126
133	176
133	182
133	183
133	258
134	28
134	43
134	56
134	62
134	85
134	88
134	95
134	97
134	153
134	154
134	164
134	180
134	193
134	196
134	198
135	6
135	27
135	36
135	47
135	59
135	68
135	82
135	102
135	109
135	159
135	160
135	170
135	171
135	173
135	177
135	194
135	206
135	213
135	229
135	233
135	234
136	52
136	62
136	101
136	122
136	193
136	212
136	215
136	253
136	254
136	255
136	256
136	270
137	28
137	56
137	62
137	88
137	95
137	153
137	154
137	164
137	180
137	193
137	198
138	17
138	96
138	110
138	118
138	131
138	134
138	135
138	144
138	182
138	189
138	235
139	1
139	57
139	73
139	83
139	101
139	115
139	126
139	183
139	202
139	258
140	37
140	49
140	60
140	119
140	141
140	163
140	164
140	181
140	216
140	218
140	219
140	221
140	242
141	2
141	39
141	46
141	52
141	73
141	111
141	113
141	163
141	177
141	202
141	208
142	1
142	52
142	57
142	73
142	91
142	93
142	101
142	115
142	126
142	182
142	183
143	8
143	70
143	98
143	105
143	150
143	156
143	173
143	181
143	197
143	203
143	204
143	222
143	229
143	252
144	4
144	7
144	37
144	60
144	108
144	112
144	119
144	141
144	143
144	178
144	181
144	219
144	251
145	8
145	16
145	27
145	44
145	50
145	98
145	150
145	156
145	169
145	204
145	226
145	231
146	28
146	56
146	62
146	88
146	95
146	153
146	154
146	164
146	193
146	196
146	198
147	5
147	9
147	19
147	23
147	32
147	56
147	58
147	59
147	94
147	104
147	113
147	114
147	145
147	148
147	157
147	165
147	170
147	175
147	179
147	199
147	202
147	205
147	210
148	13
148	29
148	50
148	152
148	184
148	201
148	211
148	243
148	244
148	245
148	246
148	247
148	273
149	2
149	42
149	52
149	73
149	113
149	121
149	131
149	134
149	188
149	197
149	202
150	1
150	52
150	57
150	73
150	90
150	91
150	92
150	93
150	101
150	106
150	115
150	121
150	126
150	182
150	183
151	3
151	33
151	51
151	55
151	74
151	84
151	89
151	99
151	117
151	155
151	190
151	191
151	192
151	195
151	225
151	227
151	270
151	274
151	275
151	276
152	15
152	25
152	28
152	43
152	45
152	56
152	62
152	85
152	88
152	95
152	139
152	153
152	154
152	164
152	180
152	193
152	196
152	198
153	1
153	19
153	28
153	56
153	57
153	62
153	88
153	91
153	93
153	95
153	126
153	153
153	154
153	164
153	180
153	183
153	193
153	198
154	2
154	18
154	32
154	75
154	81
154	113
154	114
154	128
154	145
154	175
154	177
154	202
154	205
155	6
155	27
155	36
155	47
155	59
155	102
155	109
155	160
155	171
155	173
155	194
155	233
156	35
156	48
156	53
156	83
156	122
156	131
156	158
156	226
156	235
156	236
156	237
156	238
156	239
156	240
157	6
157	8
157	27
157	36
157	59
157	70
157	98
157	105
157	109
157	150
157	156
157	160
157	171
157	173
157	194
157	204
157	229
158	6
158	27
158	36
158	59
158	82
158	102
158	109
158	160
158	171
158	173
158	194
158	233
158	234
159	23
159	37
159	49
159	60
159	104
159	119
159	141
159	163
159	164
159	181
159	193
159	216
159	218
159	219
159	221
159	242
160	1
160	52
160	57
160	73
160	91
160	93
160	101
160	115
160	126
160	182
160	183
161	36
161	59
161	109
161	131
161	136
161	160
161	171
161	194
161	200
161	208
161	260
161	261
162	1
162	52
162	57
162	73
162	90
162	91
162	93
162	101
162	106
162	115
162	126
162	182
162	183
163	2
163	8
163	42
163	52
163	105
163	131
163	134
163	188
163	189
163	197
163	202
163	217
163	249
164	5
164	9
164	19
164	23
164	94
164	104
164	114
164	157
164	170
164	175
164	179
164	202
165	6
165	27
165	36
165	59
165	69
165	82
165	102
165	109
165	160
165	171
165	173
165	194
166	3
166	33
166	35
166	48
166	51
166	74
166	89
166	99
166	117
166	131
166	155
166	158
166	165
166	191
166	192
166	195
166	235
167	2
167	4
167	18
167	75
167	81
167	108
167	113
167	114
167	175
167	177
167	178
167	202
167	205
168	6
168	27
168	36
168	59
168	67
168	102
168	109
168	160
168	171
168	173
168	194
168	208
169	8
169	70
169	98
169	105
169	150
169	156
169	173
169	181
169	197
169	203
169	204
169	222
169	229
169	252
170	6
170	27
170	36
170	59
170	69
170	82
170	102
170	109
170	160
170	171
170	173
170	194
171	6
171	27
171	36
171	59
171	102
171	109
171	152
171	160
171	171
171	173
171	194
171	208
171	233
172	49
172	60
172	103
172	119
172	163
172	181
172	203
172	216
172	217
172	218
173	3
173	33
173	51
173	55
173	65
173	74
173	84
173	89
173	99
173	117
173	155
173	190
173	191
173	192
173	195
173	225
173	227
173	270
173	274
173	275
173	276
174	28
174	56
174	62
174	85
174	88
174	95
174	153
174	154
174	164
174	174
174	180
174	193
174	196
174	198
175	1
175	52
175	57
175	73
175	90
175	91
175	93
175	101
175	115
175	126
175	182
175	183
176	6
176	27
176	36
176	59
176	102
176	109
176	160
176	171
176	173
176	194
176	213
176	229
176	233
176	234
177	2
177	5
177	23
177	32
177	56
177	59
177	104
177	113
177	145
177	148
177	170
177	175
177	179
177	183
177	193
177	202
178	28
178	43
178	45
178	56
178	62
178	85
178	88
178	95
178	107
178	153
178	154
178	164
178	193
178	198
179	2
179	39
179	42
179	46
179	52
179	73
179	83
179	111
179	113
179	146
179	177
179	188
179	197
179	202
179	208
179	259
179	263
180	6
180	27
180	36
180	47
180	59
180	102
180	109
180	160
180	171
180	173
180	177
180	194
180	206
180	233
180	234
181	6
181	27
181	36
181	47
181	59
181	102
181	109
181	152
181	160
181	171
181	173
181	194
181	213
181	229
181	233
181	234
182	6
182	27
182	59
182	69
182	82
182	102
182	109
182	160
182	173
182	194
183	3
183	12
183	33
183	51
183	55
183	74
183	89
183	117
183	155
183	165
183	191
183	192
183	195
183	199
184	1
184	52
184	57
184	73
184	91
184	92
184	93
184	101
184	115
184	126
184	130
184	183
184	271
184	272
185	16
185	17
185	34
185	52
185	57
185	73
185	96
185	110
185	135
185	144
185	204
186	5
186	9
186	19
186	23
186	94
186	104
186	114
186	157
186	170
186	175
186	179
186	202
187	3
187	13
187	33
187	51
187	74
187	89
187	99
187	117
187	155
187	191
187	192
187	195
187	215
188	6
188	27
188	36
188	59
188	69
188	82
188	84
188	102
188	108
188	109
188	136
188	160
188	171
188	173
188	194
188	200
189	27
189	29
189	36
189	44
189	50
189	125
189	169
189	173
189	201
189	204
189	226
189	231
190	6
190	27
190	36
190	59
190	69
190	82
190	102
190	109
190	160
190	171
190	173
190	194
191	6
191	27
191	36
191	59
191	82
191	102
191	109
191	160
191	171
191	173
191	194
191	233
191	234
192	6
192	27
192	36
192	59
192	69
192	82
192	102
192	109
192	160
192	171
192	173
192	194
193	2
193	18
193	39
193	46
193	52
193	75
193	81
193	113
193	114
193	177
193	202
193	205
193	208
194	6
194	27
194	36
194	59
194	82
194	102
194	109
194	160
194	171
194	173
194	194
194	233
194	234
195	2
195	18
195	23
195	75
195	104
195	113
195	114
195	148
195	175
195	177
195	202
195	205
196	1
196	11
196	52
196	57
196	73
196	90
196	91
196	92
196	93
196	101
196	106
196	115
196	121
196	126
196	176
196	182
196	183
196	258
196	259
197	5
197	9
197	19
197	23
197	94
197	104
197	114
197	157
197	170
197	175
197	179
197	202
198	6
198	27
198	36
198	59
198	69
198	82
198	102
198	109
198	160
198	171
198	173
198	194
199	6
199	27
199	36
199	59
199	82
199	102
199	109
199	160
199	171
199	173
199	194
199	233
199	234
200	1
200	11
200	52
200	57
200	73
200	90
200	91
200	92
200	93
200	101
200	106
200	115
200	121
200	126
200	176
200	182
200	183
200	258
200	259
201	6
201	27
201	36
201	59
201	69
201	82
201	102
201	109
201	160
201	171
201	173
201	194
201	233
201	234
201	257
202	14
202	28
202	43
202	45
202	56
202	62
202	85
202	88
202	95
202	107
202	153
202	154
202	164
202	174
202	180
202	193
202	196
202	198
202	214
203	1
203	52
203	57
203	73
203	91
203	93
203	101
203	115
203	126
203	176
203	182
203	183
204	6
204	27
204	36
204	59
204	82
204	102
204	109
204	160
204	171
204	173
204	194
204	233
204	234
205	6
205	27
205	36
205	57
205	59
205	82
205	92
205	102
205	109
205	115
205	160
205	171
205	173
205	194
205	207
205	233
205	234
206	1
206	52
206	57
206	73
206	91
206	93
206	101
206	115
206	126
206	182
206	183
207	2
207	42
207	52
207	57
207	73
207	113
207	121
207	131
207	134
207	188
207	197
207	202
208	2
208	42
208	52
208	73
208	113
208	121
208	131
208	134
208	188
208	197
208	199
208	202
208	217
208	241
209	5
209	9
209	23
209	94
209	104
209	114
209	157
209	170
209	175
209	179
209	202
210	8
210	70
210	98
210	105
210	134
210	146
210	150
210	156
210	181
210	197
210	203
210	204
210	229
210	252
211	8
211	70
211	98
211	105
211	150
211	156
211	173
211	181
211	197
211	203
211	204
211	222
211	229
211	252
212	6
212	27
212	36
212	44
212	50
212	109
212	169
212	171
212	173
212	204
212	226
212	233
213	16
213	83
213	111
213	118
213	134
213	182
213	189
213	235
213	250
213	251
214	40
214	62
214	72
214	85
214	103
214	104
214	114
214	132
214	138
214	153
214	193
214	242
215	2
215	35
215	53
215	57
215	108
215	122
215	124
215	131
215	134
215	178
215	202
216	6
216	27
216	36
216	37
216	47
216	59
216	102
216	109
216	160
216	165
216	171
216	173
216	177
216	194
216	213
216	233
216	234
217	1
217	52
217	57
217	73
217	91
217	93
217	101
217	115
217	126
217	182
217	183
218	28
218	56
218	62
218	88
218	95
218	153
218	154
218	164
218	193
218	196
218	198
219	27
219	37
219	44
219	50
219	104
219	169
219	181
219	202
219	204
219	226
219	231
220	33
220	74
220	144
220	222
220	223
220	224
220	225
220	226
220	227
220	228
221	12
221	36
221	50
221	69
221	77
221	82
221	101
221	115
221	152
221	211
221	212
221	257
221	279
222	6
222	27
222	36
222	46
222	59
222	102
222	109
222	111
222	160
222	171
222	173
222	194
222	208
222	263
223	3
223	33
223	51
223	74
223	89
223	99
223	117
223	155
223	191
223	192
223	195
224	6
224	27
224	36
224	47
224	59
224	102
224	109
224	159
224	160
224	171
224	173
224	177
224	194
224	206
224	213
224	229
224	233
224	234
225	20
225	60
225	64
225	95
225	106
225	123
225	153
225	159
225	168
225	193
225	203
225	229
225	230
225	232
225	268
226	28
226	56
226	62
226	85
226	88
226	95
226	153
226	154
226	164
226	193
226	198
227	28
227	37
227	60
227	62
227	95
227	119
227	154
227	193
227	216
227	219
228	2
228	4
228	5
228	9
228	19
228	23
228	24
228	28
228	32
228	38
228	54
228	56
228	58
228	59
228	68
228	94
228	101
228	104
228	113
228	114
228	116
228	145
228	148
228	157
228	170
228	175
228	179
228	193
228	194
228	202
228	205
228	210
229	1
229	52
229	57
229	73
229	91
229	93
229	101
229	115
229	126
229	182
229	183
230	17
230	34
230	110
230	118
230	131
230	134
230	144
230	172
230	182
230	184
230	189
230	235
231	13
231	26
231	35
231	48
231	53
231	83
231	122
231	158
231	236
231	237
231	238
231	239
232	2
232	4
232	5
232	9
232	10
232	19
232	23
232	24
232	32
232	38
232	52
232	56
232	59
232	104
232	113
232	114
232	145
232	148
232	157
232	170
232	175
232	179
232	193
232	194
232	202
232	205
233	7
233	12
233	69
233	82
233	101
233	107
233	112
233	212
233	253
233	254
233	255
233	256
234	2
234	36
234	52
234	68
234	75
234	101
234	113
234	145
234	171
234	202
234	212
235	1
235	52
235	57
235	73
235	91
235	93
235	101
235	115
235	126
235	182
235	183
236	28
236	52
236	57
236	62
236	71
236	75
236	153
236	170
236	171
236	193
236	280
237	37
237	49
237	60
237	104
237	119
237	141
237	163
237	181
237	216
237	219
237	221
237	242
238	5
238	9
238	19
238	23
238	81
238	94
238	104
238	114
238	128
238	157
238	170
238	175
238	179
238	202
239	28
239	56
239	62
239	88
239	95
239	153
239	154
239	164
239	193
239	196
239	198
240	1
240	11
240	52
240	57
240	73
240	90
240	91
240	92
240	93
240	101
240	106
240	115
240	121
240	126
240	175
240	176
240	182
240	183
240	185
240	209
240	258
240	259
241	28
241	37
241	49
241	60
241	62
241	119
241	141
241	153
241	154
241	163
241	164
241	181
241	193
241	216
241	221
242	52
242	81
242	100
242	187
242	193
242	200
242	202
242	251
242	260
242	263
242	277
243	37
243	49
243	60
243	119
243	141
243	163
243	181
243	216
243	219
243	221
243	242
244	70
244	156
244	173
244	181
244	197
244	203
244	204
244	222
244	229
244	252
245	2
245	5
245	9
245	23
245	104
245	114
245	148
245	157
245	170
245	175
245	179
245	202
246	28
246	43
246	56
246	62
246	85
246	88
246	95
246	153
246	154
246	164
246	176
246	180
246	193
246	196
246	198
247	6
247	27
247	36
247	59
247	82
247	102
247	109
247	160
247	171
247	173
247	194
247	233
247	234
248	2
248	5
248	9
248	23
248	32
248	104
248	113
248	170
248	175
248	177
248	179
248	202
248	205
249	5
249	9
249	23
249	94
249	104
249	114
249	157
249	170
249	175
249	179
249	202
250	1
250	50
250	52
250	57
250	73
250	77
250	90
250	91
250	92
250	93
250	101
250	106
250	115
250	121
250	126
250	152
250	170
250	176
250	182
250	183
250	209
250	258
250	259
251	25
251	28
251	43
251	56
251	62
251	85
251	88
251	95
251	153
251	154
251	164
251	193
251	196
251	198
252	28
252	56
252	62
252	88
252	95
252	153
252	154
252	164
252	180
252	193
252	198
253	37
253	49
253	104
253	163
253	181
253	193
253	216
253	219
253	221
253	242
254	4
254	7
254	16
254	18
254	107
254	108
254	112
254	178
254	196
254	197
254	207
254	248
254	249
255	9
255	23
255	94
255	103
255	104
255	114
255	138
255	157
255	170
255	179
255	202
256	28
256	38
256	56
256	62
256	88
256	95
256	153
256	154
256	164
256	193
256	196
256	198
257	37
257	49
257	60
257	119
257	141
257	163
257	164
257	181
257	216
257	218
257	219
257	221
257	242
258	28
258	56
258	62
258	85
258	88
258	95
258	153
258	154
258	164
258	193
258	196
258	198
259	6
259	27
259	36
259	59
259	69
259	82
259	84
259	102
259	109
259	136
259	160
259	171
259	173
259	194
259	200
259	233
259	257
260	28
260	38
260	56
260	62
260	87
260	88
260	95
260	153
260	154
260	193
261	28
261	37
261	62
261	141
261	154
261	181
261	193
261	216
261	219
261	242
262	1
262	52
262	57
262	73
262	91
262	93
262	101
262	115
262	126
262	182
262	183
263	3
263	33
263	51
263	55
263	74
263	89
263	99
263	117
263	155
263	191
263	192
263	195
264	20
264	37
264	60
264	75
264	119
264	160
264	203
264	222
264	229
264	230
264	231
264	232
264	233
265	3
265	26
265	33
265	51
265	55
265	57
265	66
265	74
265	84
265	89
265	91
265	99
265	101
265	117
265	124
265	155
265	183
265	190
265	191
265	192
265	195
265	199
265	225
265	270
265	274
265	275
266	5
266	9
266	19
266	23
266	54
266	75
266	94
266	104
266	113
266	114
266	120
266	145
266	157
266	170
266	175
266	179
266	202
266	205
266	210
267	1
267	52
267	57
267	73
267	90
267	91
267	92
267	93
267	101
267	106
267	115
267	126
267	176
267	182
267	183
268	20
268	60
268	81
268	127
268	193
268	200
268	206
268	228
268	260
268	261
268	273
268	277
269	8
269	70
269	98
269	105
269	150
269	156
269	173
269	181
269	197
269	203
269	204
269	222
269	229
269	252
270	2
270	18
270	42
270	52
270	73
270	75
270	113
270	121
270	134
270	177
270	188
270	197
270	202
270	205
271	28
271	31
271	56
271	57
271	62
271	88
271	153
271	154
271	171
271	180
271	193
272	14
272	15
272	28
272	56
272	62
272	85
272	88
272	95
272	153
272	154
272	164
272	193
272	198
273	35
273	48
273	53
273	83
273	122
273	158
273	226
273	235
273	236
273	237
273	238
273	239
273	240
274	6
274	27
274	36
274	59
274	61
274	69
274	82
274	109
274	131
274	136
274	160
274	171
274	173
274	194
274	200
275	4
275	7
275	18
275	42
275	107
275	108
275	112
275	178
275	188
275	197
275	205
275	217
275	248
275	249
276	1
276	52
276	57
276	73
276	91
276	93
276	101
276	115
276	126
276	182
276	183
277	6
277	27
277	36
277	46
277	59
277	102
277	109
277	111
277	160
277	171
277	173
277	194
277	208
277	263
278	6
278	27
278	30
278	36
278	47
278	59
278	102
278	109
278	160
278	171
278	173
278	177
278	194
278	213
278	229
278	233
278	234
279	6
279	27
279	36
279	47
279	59
279	102
279	109
279	160
279	171
279	173
279	194
279	213
279	229
279	233
279	234
280	2
280	9
280	23
280	104
280	114
280	148
280	157
280	170
280	175
280	179
280	202
281	28
281	56
281	62
281	88
281	95
281	153
281	154
281	164
281	193
281	196
281	198
282	1
282	22
282	25
282	52
282	57
282	73
282	90
282	91
282	92
282	93
282	101
282	106
282	115
282	126
282	151
282	176
282	182
282	183
282	186
282	258
283	6
283	27
283	36
283	46
283	59
283	102
283	109
283	111
283	160
283	171
283	173
283	194
283	208
283	263
284	4
284	7
284	18
284	107
284	108
284	112
284	124
284	178
284	196
284	197
284	205
284	207
284	248
284	249
285	6
285	27
285	36
285	59
285	102
285	109
285	152
285	160
285	171
285	173
285	194
285	213
285	229
285	233
285	234
286	17
286	34
286	96
286	110
286	118
286	131
286	134
286	135
286	144
286	146
286	182
286	189
286	235
287	8
287	49
287	70
287	98
287	105
287	150
287	156
287	173
287	181
287	197
287	203
287	204
287	217
287	218
287	229
287	252
288	6
288	27
288	36
288	47
288	59
288	102
288	109
288	160
288	171
288	173
288	194
288	213
288	229
288	233
288	234
289	4
289	7
289	16
289	18
289	107
289	108
289	112
289	178
289	196
289	197
289	207
289	248
289	249
290	28
290	56
290	62
290	88
290	95
290	153
290	154
290	164
290	180
290	193
290	198
291	16
291	17
291	34
291	52
291	57
291	83
291	96
291	110
291	118
291	131
291	135
291	144
291	146
291	182
291	189
291	235
292	6
292	27
292	36
292	46
292	59
292	102
292	109
292	111
292	160
292	171
292	173
292	194
292	208
292	263
293	28
293	43
293	45
293	56
293	62
293	70
293	88
293	95
293	153
293	154
293	164
293	193
293	198
294	1
294	52
294	57
294	73
294	91
294	93
294	101
294	115
294	126
294	182
294	183
295	6
295	27
295	36
295	59
295	102
295	109
295	171
295	173
295	194
295	213
296	16
296	17
296	34
296	44
296	96
296	110
296	135
296	144
296	146
296	204
296	235
297	2
297	18
297	52
297	75
297	81
297	104
297	113
297	114
297	145
297	177
297	202
297	205
298	9
298	19
298	23
298	26
298	94
298	104
298	122
298	157
298	170
298	179
298	202
299	6
299	27
299	36
299	59
299	102
299	109
299	160
299	171
299	173
299	194
299	208
300	1
300	26
300	52
300	57
300	73
300	91
300	93
300	101
300	115
300	126
300	176
300	183
300	199
301	3
301	33
301	51
301	74
301	89
301	99
301	117
301	118
301	131
301	155
301	185
301	191
301	192
301	195
302	4
302	7
302	16
302	18
302	107
302	108
302	112
302	178
302	196
302	197
302	207
302	248
302	249
303	28
303	56
303	62
303	88
303	95
303	97
303	132
303	153
303	154
303	164
303	193
303	196
303	198
304	2
304	18
304	19
304	23
304	32
304	75
304	81
304	104
304	113
304	114
304	145
304	175
304	177
304	202
304	205
305	2
305	18
305	32
305	52
305	75
305	81
305	113
305	114
305	128
305	175
305	177
305	202
305	205
306	1
306	52
306	57
306	73
306	91
306	93
306	101
306	115
306	126
306	182
306	183
307	17
307	34
307	110
307	118
307	131
307	134
307	144
307	172
307	182
307	184
307	189
307	235
308	6
308	29
308	36
308	50
308	59
308	76
308	86
308	109
308	129
308	160
308	171
308	173
308	194
308	208